# Condiciones Iniciales (CIs) - Órbitas de Lyapunov
# Sistema: Earth_Moon
# Punto de Lagrange: L2
# Esquema numérico: RK4
# μ = 1.215058560962e-02
# Dimensiones: cada CI tiene 42 valores (x, y, z, vx, vy, vz + 36 variaciones)
# Periodo de la órbita completa al final de cada línea
#
3.418109604639e+00,1.119293749015e+00,9.625899288402e-29,1.311026890848e-29,2.641858465660e-15,1.812247496796e-01,2.553509921370e-31,1.000000000000e+00,0.000000000000e+00,0.000000000000e+00,0.000000000000e+00,0.000000000000e+00,0.000000000000e+00,0.000000000000e+00,1.000000000000e+00,0.000000000000e+00,0.000000000000e+00,0.000000000000e+00,0.000000000000e+00,0.000000000000e+00,0.000000000000e+00,1.000000000000e+00,0.000000000000e+00,0.000000000000e+00,0.000000000000e+00,0.000000000000e+00,0.000000000000e+00,0.000000000000e+00,1.000000000000e+00,0.000000000000e+00,0.000000000000e+00,0.000000000000e+00,0.000000000000e+00,0.000000000000e+00,0.000000000000e+00,1.000000000000e+00,0.000000000000e+00,0.000000000000e+00,0.000000000000e+00,0.000000000000e+00,0.000000000000e+00,0.000000000000e+00,1.000000000000e+00
3.418109582714e+00,1.119293759015e+00,9.625899288402e-29,1.311039017465e-29,2.641858465660e-15,1.812247022400e-01,2.553509921370e-31,1.000000000000e+00,0.000000000000e+00,0.000000000000e+00,0.000000000000e+00,0.000000000000e+00,0.000000000000e+00,0.000000000000e+00,1.000000000000e+00,0.000000000000e+00,0.000000000000e+00,0.000000000000e+00,0.000000000000e+00,0.000000000000e+00,0.000000000000e+00,1.000000000000e+00,0.000000000000e+00,0.000000000000e+00,0.000000000000e+00,0.000000000000e+00,0.000000000000e+00,0.000000000000e+00,1.000000000000e+00,0.000000000000e+00,0.000000000000e+00,0.000000000000e+00,0.000000000000e+00,0.000000000000e+00,0.000000000000e+00,1.000000000000e+00,0.000000000000e+00,0.000000000000e+00,0.000000000000e+00,0.000000000000e+00,0.000000000000e+00,0.000000000000e+00,1.000000000000e+00
3.418109558737e+00,1.119293769015e+00,9.625899288402e-29,1.311051315057e-29,2.641858465660e-15,1.812246548074e-01,2.553509921370e-31,1.000000000000e+00,0.000000000000e+00,0.000000000000e+00,0.000000000000e+00,0.000000000000e+00,0.000000000000e+00,0.000000000000e+00,1.000000000000e+00,0.000000000000e+00,0.000000000000e+00,0.000000000000e+00,0.000000000000e+00,0.000000000000e+00,0.000000000000e+00,1.000000000000e+00,0.000000000000e+00,0.000000000000e+00,0.000000000000e+00,0.000000000000e+00,0.000000000000e+00,0.000000000000e+00,1.000000000000e+00,0.000000000000e+00,0.000000000000e+00,0.000000000000e+00,0.000000000000e+00,0.000000000000e+00,0.000000000000e+00,1.000000000000e+00,0.000000000000e+00,0.000000000000e+00,0.000000000000e+00,0.000000000000e+00,0.000000000000e+00,0.000000000000e+00,1.000000000000e+00
3.418109534583e+00,1.119293779015e+00,9.625899288402e-29,1.311063612741e-29,2.641858465660e-15,1.812246073747e-01,2.553509921370e-31,1.000000000000e+00,0.000000000000e+00,0.000000000000e+00,0.000000000000e+00,0.000000000000e+00,0.000000000000e+00,0.000000000000e+00,1.000000000000e+00,0.000000000000e+00,0.000000000000e+00,0.000000000000e+00,0.000000000000e+00,0.000000000000e+00,0.000000000000e+00,1.000000000000e+00,0.000000000000e+00,0.000000000000e+00,0.000000000000e+00,0.000000000000e+00,0.000000000000e+00,0.000000000000e+00,1.000000000000e+00,0.000000000000e+00,0.000000000000e+00,0.000000000000e+00,0.000000000000e+00,0.000000000000e+00,0.000000000000e+00,1.000000000000e+00,0.000000000000e+00,0.000000000000e+00,0.000000000000e+00,0.000000000000e+00,0.000000000000e+00,0.000000000000e+00,1.000000000000e+00
3.418109510634e+00,1.119293789015e+00,9.625899288402e-29,1.311075910753e-29,2.641858465660e-15,1.812245599420e-01,2.553509921370e-31,1.000000000000e+00,0.000000000000e+00,0.000000000000e+00,0.000000000000e+00,0.000000000000e+00,0.000000000000e+00,0.000000000000e+00,1.000000000000e+00,0.000000000000e+00,0.000000000000e+00,0.000000000000e+00,0.000000000000e+00,0.000000000000e+00,0.000000000000e+00,1.000000000000e+00,0.000000000000e+00,0.000000000000e+00,0.000000000000e+00,0.000000000000e+00,0.000000000000e+00,0.000000000000e+00,1.000000000000e+00,0.000000000000e+00,0.000000000000e+00,0.000000000000e+00,0.000000000000e+00,0.000000000000e+00,0.000000000000e+00,1.000000000000e+00,0.000000000000e+00,0.000000000000e+00,0.000000000000e+00,0.000000000000e+00,0.000000000000e+00,0.000000000000e+00,1.000000000000e+00
# Total de CIs guardadas: 5
