# Condiciones Iniciales (CIs) - Órbitas de Lyapunov
# Sistema: Earth_Moon
# Punto de Lagrange: L1
# Esquema numérico: RK4
# μ = 1.215058560962e-02
# Dimensiones: cada CI tiene 42 valores (x, y, z, vx, vy, vz + 36 variaciones)
# Periodo de la órbita completa al final de cada línea
#
2.989751634421e+00,8.099591209648e-01,2.035749587933e-28,4.716322236154e-32,1.234133333722e-15,2.726811255143e-01,3.263261655453e-32,1.000000000000e+00,0.000000000000e+00,0.000000000000e+00,0.000000000000e+00,0.000000000000e+00,0.000000000000e+00,0.000000000000e+00,1.000000000000e+00,0.000000000000e+00,0.000000000000e+00,0.000000000000e+00,0.000000000000e+00,0.000000000000e+00,0.000000000000e+00,1.000000000000e+00,0.000000000000e+00,0.000000000000e+00,0.000000000000e+00,0.000000000000e+00,0.000000000000e+00,0.000000000000e+00,1.000000000000e+00,0.000000000000e+00,0.000000000000e+00,0.000000000000e+00,0.000000000000e+00,0.000000000000e+00,0.000000000000e+00,1.000000000000e+00,0.000000000000e+00,0.000000000000e+00,0.000000000000e+00,0.000000000000e+00,0.000000000000e+00,0.000000000000e+00,1.000000000000e+00
2.961552581477e+00,8.109591209648e-01,2.035749587933e-28,5.236642780111e-32,1.234133333722e-15,2.622217847761e-01,3.263261655453e-32,1.000000000000e+00,0.000000000000e+00,0.000000000000e+00,0.000000000000e+00,0.000000000000e+00,0.000000000000e+00,0.000000000000e+00,1.000000000000e+00,0.000000000000e+00,0.000000000000e+00,0.000000000000e+00,0.000000000000e+00,0.000000000000e+00,0.000000000000e+00,1.000000000000e+00,0.000000000000e+00,0.000000000000e+00,0.000000000000e+00,0.000000000000e+00,0.000000000000e+00,0.000000000000e+00,1.000000000000e+00,0.000000000000e+00,0.000000000000e+00,0.000000000000e+00,0.000000000000e+00,0.000000000000e+00,0.000000000000e+00,1.000000000000e+00,0.000000000000e+00,0.000000000000e+00,0.000000000000e+00,0.000000000000e+00,0.000000000000e+00,0.000000000000e+00,1.000000000000e+00
2.934889613808e+00,8.119591209648e-01,2.035749587933e-28,5.866095108726e-32,1.234133333722e-15,2.515166072377e-01,3.263261655453e-32,1.000000000000e+00,0.000000000000e+00,0.000000000000e+00,0.000000000000e+00,0.000000000000e+00,0.000000000000e+00,0.000000000000e+00,1.000000000000e+00,0.000000000000e+00,0.000000000000e+00,0.000000000000e+00,0.000000000000e+00,0.000000000000e+00,0.000000000000e+00,1.000000000000e+00,0.000000000000e+00,0.000000000000e+00,0.000000000000e+00,0.000000000000e+00,0.000000000000e+00,0.000000000000e+00,1.000000000000e+00,0.000000000000e+00,0.000000000000e+00,0.000000000000e+00,0.000000000000e+00,0.000000000000e+00,0.000000000000e+00,1.000000000000e+00,0.000000000000e+00,0.000000000000e+00,0.000000000000e+00,0.000000000000e+00,0.000000000000e+00,0.000000000000e+00,1.000000000000e+00
2.909848468080e+00,8.129591209648e-01,2.035749587933e-28,6.636779143278e-32,1.234133333722e-15,2.406159050007e-01,3.263261655453e-32,1.000000000000e+00,0.000000000000e+00,0.000000000000e+00,0.000000000000e+00,0.000000000000e+00,0.000000000000e+00,0.000000000000e+00,1.000000000000e+00,0.000000000000e+00,0.000000000000e+00,0.000000000000e+00,0.000000000000e+00,0.000000000000e+00,0.000000000000e+00,1.000000000000e+00,0.000000000000e+00,0.000000000000e+00,0.000000000000e+00,0.000000000000e+00,0.000000000000e+00,0.000000000000e+00,1.000000000000e+00,0.000000000000e+00,0.000000000000e+00,0.000000000000e+00,0.000000000000e+00,0.000000000000e+00,0.000000000000e+00,1.000000000000e+00,0.000000000000e+00,0.000000000000e+00,0.000000000000e+00,0.000000000000e+00,0.000000000000e+00,0.000000000000e+00,1.000000000000e+00
2.886481840443e+00,8.139591209648e-01,2.035749587933e-28,7.594244813466e-32,1.234133333722e-15,2.295720472474e-01,3.263261655453e-32,1.000000000000e+00,0.000000000000e+00,0.000000000000e+00,0.000000000000e+00,0.000000000000e+00,0.000000000000e+00,0.000000000000e+00,1.000000000000e+00,0.000000000000e+00,0.000000000000e+00,0.000000000000e+00,0.000000000000e+00,0.000000000000e+00,0.000000000000e+00,1.000000000000e+00,0.000000000000e+00,0.000000000000e+00,0.000000000000e+00,0.000000000000e+00,0.000000000000e+00,0.000000000000e+00,1.000000000000e+00,0.000000000000e+00,0.000000000000e+00,0.000000000000e+00,0.000000000000e+00,0.000000000000e+00,0.000000000000e+00,1.000000000000e+00,0.000000000000e+00,0.000000000000e+00,0.000000000000e+00,0.000000000000e+00,0.000000000000e+00,0.000000000000e+00,1.000000000000e+00
2.864809319496e+00,8.149591209648e-01,2.035749587933e-28,8.805516867194e-32,1.234133333722e-15,2.184368443558e-01,3.263261655453e-32,1.000000000000e+00,0.000000000000e+00,0.000000000000e+00,0.000000000000e+00,0.000000000000e+00,0.000000000000e+00,0.000000000000e+00,1.000000000000e+00,0.000000000000e+00,0.000000000000e+00,0.000000000000e+00,0.000000000000e+00,0.000000000000e+00,0.000000000000e+00,1.000000000000e+00,0.000000000000e+00,0.000000000000e+00,0.000000000000e+00,0.000000000000e+00,0.000000000000e+00,0.000000000000e+00,1.000000000000e+00,0.000000000000e+00,0.000000000000e+00,0.000000000000e+00,0.000000000000e+00,0.000000000000e+00,0.000000000000e+00,1.000000000000e+00,0.000000000000e+00,0.000000000000e+00,0.000000000000e+00,0.000000000000e+00,0.000000000000e+00,0.000000000000e+00,1.000000000000e+00
2.844819932851e+00,8.159591209648e-01,2.035749587933e-28,1.037361566716e-31,1.234133333722e-15,2.072592770099e-01,3.263261655453e-32,1.000000000000e+00,0.000000000000e+00,0.000000000000e+00,0.000000000000e+00,0.000000000000e+00,0.000000000000e+00,0.000000000000e+00,1.000000000000e+00,0.000000000000e+00,0.000000000000e+00,0.000000000000e+00,0.000000000000e+00,0.000000000000e+00,0.000000000000e+00,1.000000000000e+00,0.000000000000e+00,0.000000000000e+00,0.000000000000e+00,0.000000000000e+00,0.000000000000e+00,0.000000000000e+00,1.000000000000e+00,0.000000000000e+00,0.000000000000e+00,0.000000000000e+00,0.000000000000e+00,0.000000000000e+00,0.000000000000e+00,1.000000000000e+00,0.000000000000e+00,0.000000000000e+00,0.000000000000e+00,0.000000000000e+00,0.000000000000e+00,0.000000000000e+00,1.000000000000e+00
2.826476598524e+00,8.169591209648e-01,2.035749587933e-28,1.246563329218e-31,1.234133333722e-15,1.960837867557e-01,3.263261655453e-32,1.000000000000e+00,0.000000000000e+00,0.000000000000e+00,0.000000000000e+00,0.000000000000e+00,0.000000000000e+00,0.000000000000e+00,1.000000000000e+00,0.000000000000e+00,0.000000000000e+00,0.000000000000e+00,0.000000000000e+00,0.000000000000e+00,0.000000000000e+00,1.000000000000e+00,0.000000000000e+00,0.000000000000e+00,0.000000000000e+00,0.000000000000e+00,0.000000000000e+00,0.000000000000e+00,1.000000000000e+00,0.000000000000e+00,0.000000000000e+00,0.000000000000e+00,0.000000000000e+00,0.000000000000e+00,0.000000000000e+00,1.000000000000e+00,0.000000000000e+00,0.000000000000e+00,0.000000000000e+00,0.000000000000e+00,0.000000000000e+00,0.000000000000e+00,1.000000000000e+00
2.809721614113e+00,8.179591209648e-01,2.035749587933e-28,1.537182290823e-31,1.234133333722e-15,1.849492085379e-01,3.263261655453e-32,1.000000000000e+00,0.000000000000e+00,0.000000000000e+00,0.000000000000e+00,0.000000000000e+00,0.000000000000e+00,0.000000000000e+00,1.000000000000e+00,0.000000000000e+00,0.000000000000e+00,0.000000000000e+00,0.000000000000e+00,0.000000000000e+00,0.000000000000e+00,1.000000000000e+00,0.000000000000e+00,0.000000000000e+00,0.000000000000e+00,0.000000000000e+00,0.000000000000e+00,0.000000000000e+00,1.000000000000e+00,0.000000000000e+00,0.000000000000e+00,0.000000000000e+00,0.000000000000e+00,0.000000000000e+00,0.000000000000e+00,1.000000000000e+00,0.000000000000e+00,0.000000000000e+00,0.000000000000e+00,0.000000000000e+00,0.000000000000e+00,0.000000000000e+00,1.000000000000e+00
2.794482372074e+00,8.189591209648e-01,2.035749587933e-28,1.964467794770e-31,1.234133333722e-15,1.738883077082e-01,3.263261655453e-32,1.000000000000e+00,0.000000000000e+00,0.000000000000e+00,0.000000000000e+00,0.000000000000e+00,0.000000000000e+00,0.000000000000e+00,1.000000000000e+00,0.000000000000e+00,0.000000000000e+00,0.000000000000e+00,0.000000000000e+00,0.000000000000e+00,0.000000000000e+00,1.000000000000e+00,0.000000000000e+00,0.000000000000e+00,0.000000000000e+00,0.000000000000e+00,0.000000000000e+00,0.000000000000e+00,1.000000000000e+00,0.000000000000e+00,0.000000000000e+00,0.000000000000e+00,0.000000000000e+00,0.000000000000e+00,0.000000000000e+00,1.000000000000e+00,0.000000000000e+00,0.000000000000e+00,0.000000000000e+00,0.000000000000e+00,0.000000000000e+00,0.000000000000e+00,1.000000000000e+00
2.780676683223e+00,8.199591209648e-01,2.035749587933e-28,2.648115602157e-31,1.234133333722e-15,1.629278083706e-01,3.263261655453e-32,1.000000000000e+00,0.000000000000e+00,0.000000000000e+00,0.000000000000e+00,0.000000000000e+00,0.000000000000e+00,0.000000000000e+00,1.000000000000e+00,0.000000000000e+00,0.000000000000e+00,0.000000000000e+00,0.000000000000e+00,0.000000000000e+00,0.000000000000e+00,1.000000000000e+00,0.000000000000e+00,0.000000000000e+00,0.000000000000e+00,0.000000000000e+00,0.000000000000e+00,0.000000000000e+00,1.000000000000e+00,0.000000000000e+00,0.000000000000e+00,0.000000000000e+00,0.000000000000e+00,0.000000000000e+00,0.000000000000e+00,1.000000000000e+00,0.000000000000e+00,0.000000000000e+00,0.000000000000e+00,0.000000000000e+00,0.000000000000e+00,0.000000000000e+00,1.000000000000e+00
2.768217336981e+00,8.209591209648e-01,2.035749587933e-28,3.904795339875e-31,1.234133333722e-15,1.520887699756e-01,3.263261655453e-32,1.000000000000e+00,0.000000000000e+00,0.000000000000e+00,0.000000000000e+00,0.000000000000e+00,0.000000000000e+00,0.000000000000e+00,1.000000000000e+00,0.000000000000e+00,0.000000000000e+00,0.000000000000e+00,0.000000000000e+00,0.000000000000e+00,0.000000000000e+00,1.000000000000e+00,0.000000000000e+00,0.000000000000e+00,0.000000000000e+00,0.000000000000e+00,0.000000000000e+00,0.000000000000e+00,1.000000000000e+00,0.000000000000e+00,0.000000000000e+00,0.000000000000e+00,0.000000000000e+00,0.000000000000e+00,0.000000000000e+00,1.000000000000e+00,0.000000000000e+00,0.000000000000e+00,0.000000000000e+00,0.000000000000e+00,0.000000000000e+00,0.000000000000e+00,1.000000000000e+00
2.738040082387e+00,8.239591209648e-01,2.035749587933e-28,-1.916535714335e-30,1.234133333722e-15,1.204389614569e-01,3.263261655453e-32,1.000000000000e+00,0.000000000000e+00,0.000000000000e+00,0.000000000000e+00,0.000000000000e+00,0.000000000000e+00,0.000000000000e+00,1.000000000000e+00,0.000000000000e+00,0.000000000000e+00,0.000000000000e+00,0.000000000000e+00,0.000000000000e+00,0.000000000000e+00,1.000000000000e+00,0.000000000000e+00,0.000000000000e+00,0.000000000000e+00,0.000000000000e+00,0.000000000000e+00,0.000000000000e+00,1.000000000000e+00,0.000000000000e+00,0.000000000000e+00,0.000000000000e+00,0.000000000000e+00,0.000000000000e+00,0.000000000000e+00,1.000000000000e+00,0.000000000000e+00,0.000000000000e+00,0.000000000000e+00,0.000000000000e+00,0.000000000000e+00,0.000000000000e+00,1.000000000000e+00
# Total de CIs guardadas: 13
